0000010 0
0000011 0
0100100 0
0100101 0
0010000 0
0010001 0
0010100 0
0010101 0
0000100 0
0000101 0
1001100 0
1001101 0
0001100 0
0001101 0
0000100 0
0000101 0
0111000 0
0111001 0
0010100 0
0010101 0
0110100 0
0110101 0
0010100 0
0010101 0
1001000 0
1001001 0
0011100 0
0011101 0
0010100 0
0010101 0
0111100 0
0111101 0
1001000 0
1001001 0
0001000 0
0001001 0
0010100 0
0010101 0
0101100 1
0101101 0
0100100 0
0100101 0
0110000 0
0110001 0
0110000 0
0110001 0
0010100 0
0010101 0
0010000 0
0010001 0
1011100 0
1011101 0
0100000 0
0100001 0
0010100 1
0010101 0
0111000 0
0111001 0
0110100 0
0110101 0
0010100 0
0010101 0
0111000 0
0111001 0
0010000 0
0010001 0
0010100 0
0010101 0
0001000 0
0001001 0
0000100 0
0000101 0
1010000 0
1010001 0
0010100 0
0010101 0
1011100 0
1011101 0
0100100 0
0100101 0
1010000 0
1010001 0
0100000 0
0100001 0
1110100 1
1110101 0
1001100 0
1001101 0
0010100 0
0010101 0
1000000 0
1000001 0
0010100 0
0010101 0
1001000 0
1001001 0
0000100 0
0000101 0
1010000 0
1010001 0
0010100 0
0010101 0
1000000 0
1000001 0
0010100 0
0010101 0
1001000 0
1001001 0
1001100 0
1001101 0
1000000 0
1000001 0
0010100 0
0010101 0
0001100 0
0001101 0
1010000 0
1010001 0
0100100 0
0100101 0
1011000 0
1011001 0
0010100 0
0010101 0
1001100 0
1001101 0
